x =[ 0
0.017214203
0.034428405
0.051642608
0.068856811
0.086071014
0.103285216
0.120499419
0.137713622
0.154927825
0.172142027
0.18935623
0.206570433
0.223784636
0.240998838
0.258213041
0.275427244
0.292641447
0.309855649
0.327069852
0.344284055
0.361498258
0.37871246
0.395926663
0.413140866
0.430355068
0.447569271
0.464783474
0.481997677
0.499211879
0.516426082
0.533640285
0.550854488
0.56806869
0.585282893
0.602497096
0.619711299
0.636925501
0.654139704
0.671353907
0.68856811
0.705782312
0.722996515
0.740210718
0.757424921
0.774639123
0.791853326
0.809067529
0.826281732
0.843495934
0.860710137
0.87792434
0.895138542
0.912352745
0.929566948
0.946781151
0.963995353
0.981209556
0.998423759
1.015637962
1.032852164
1.050066367
1.06728057
1.084494773
1.101708975
1.118923178
1.136137381
1.153351584
1.170565786
1.187779989
1.204994192
1.222208395
1.239422597
1.2566368
1.273851003
1.291065205
1.308279408
1.325493611
1.342707814
1.359922016
1.377136219
1.394350422
1.411564625
1.428778827
1.44599303
1.463207233
1.480421436
1.497635638
1.514849841
1.532064044
1.549278247
1.566492449
1.583706652
1.600920855
1.618135058
1.63534926
1.652563463
1.669777666
1.686991868
1.704206071
1.721420274
1.738634477
1.755848679
1.773062882
1.790277085
1.807491288
1.82470549
1.841919693
1.859133896
1.876348099
1.893562301
1.910776504
1.927990707
1.94520491
1.962419112
1.979633315
1.996847518
2.014061721
2.031275923
2.048490126
2.065704329
2.082918532
2.100132734
2.117346937
2.13456114
2.151775342
2.168989545
2.186203748
2.203417951
2.220632153
2.237846356
2.255060559
2.272274762
2.289488964
2.306703167
2.32391737
2.341131573
2.358345775
2.375559978
2.392774181
2.409988384
2.427202586
2.444416789
2.461630992
2.478845195
2.496059397
2.5132736
2.530487803
2.547702005
2.564916208
2.582130411
2.599344614
2.616558816
2.633773019
2.650987222
2.668201425
2.685415627
2.70262983
2.719844033
2.737058236
2.754272438
2.771486641
2.788700844
2.805915047
2.823129249
2.840343452
2.857557655
2.874771858
2.89198606
2.909200263
2.926414466
2.943628668
2.960842871
2.978057074
2.995271277
3.012485479
3.029699682
3.046913885
3.064128088
3.08134229
3.098556493
3.115770696
3.132984899
3.150199101
3.167413304
3.184627507
3.20184171
3.219055912
3.236270115
3.253484318
3.270698521
3.287912723
3.305126926
3.322341129
3.339555332
3.356769534
3.373983737
3.39119794
3.408412142
3.425626345
3.442840548
3.460054751
3.477268953
3.494483156
3.511697359
3.528911562
3.546125764
3.563339967
3.58055417
3.597768373
3.614982575
3.632196778
3.649410981
3.666625184
3.683839386
3.701053589
3.718267792
3.735481995
3.752696197
3.7699104
3.787124603
3.804338805
3.821553008
3.838767211
3.855981414
3.873195616
3.890409819
3.907624022
3.924838225
3.942052427
3.95926663
3.976480833
3.993695036
4.010909238
4.028123441
4.045337644
4.062551847
4.079766049
4.096980252
4.114194455
4.131408658
4.14862286
4.165837063
4.183051266
4.200265468
4.217479671
4.234693874
4.251908077
4.269122279
4.286336482
4.303550685
4.320764888
4.33797909
4.355193293
4.372407496
4.389621699
4.406835901
4.424050104
4.441264307
4.45847851
4.475692712
4.492906915
4.510121118
4.527335321
4.544549523
4.561763726
4.578977929
4.596192132
4.613406334
4.630620537
4.64783474
4.665048942
4.682263145
4.699477348
4.716691551
4.733905753
4.751119956
4.768334159
4.785548362
4.802762564
4.819976767
4.83719097
4.854405173
4.871619375
4.888833578
4.906047781
4.923261984
4.940476186
4.957690389
4.974904592
4.992118795
5.009332997
5.0265472
5.043761403
5.060975605
5.078189808
5.095404011
5.112618214
5.129832416
5.147046619
5.164260822
5.181475025
5.198689227
5.21590343
5.233117633
5.250331836
5.267546038
5.284760241
5.301974444
5.319188647
5.336402849
5.353617052
5.370831255
5.388045458
5.40525966
5.422473863
5.439688066
5.456902268
5.474116471
5.491330674
5.508544877
5.525759079
5.542973282
5.560187485
5.577401688
5.59461589
5.611830093
5.629044296
5.646258499
5.663472701
5.680686904
5.697901107
5.71511531
5.732329512
5.749543715
5.766757918
5.783972121
5.801186323
5.818400526
5.835614729
5.852828932
5.870043134
5.887257337
5.90447154
5.921685742
5.938899945
5.956114148
5.973328351
5.990542553
6.007756756
6.024970959
6.042185162
6.059399364
6.076613567
6.09382777
6.111041973
6.128256175
6.145470378
6.162684581
6.179898784
6.197112986
6.214327189
6.231541392
6.248755595
6.265969797];

